RNN

LSTM

GRU
-7.882642949716693,0.1628304807179839,0.16513292191009368,-6.695636909238753,0.010432318718202653

GRU
-7.882642949716693,0.1628304807179839,0.16513292191009368,-6.695636909238753,0.009912764641546435

Transformer
8,8,-12.279736982995448,0.05915974613588813,0.060372745101490335,-7.0101980855388035,0.07259713295967349

Transformer
8,12,-12.239790798244027,0.05970640467555296,0.0608738110611035,-7.0128537362621675,0.09330320358276366

Transformer
12,8,-12.193116815243783,0.06035153471078371,0.06165686423379568,-7.0050038783780995,0.08459402130496117

llama
cosine,-12.872269398456016,0.05161465872665852,0.053528661250827766,-6.998304671625936,0.02739989988265499

CNN
-12.508437894362348,0.05612498146189658,0.05758417350870948,-6.999550897844375,0.0015622700414349956

Transformer
12,12,-12.222721381812425,0.059941535211063754,0.06122774976876475,-7.010365272337391,0.10310300088697866

gpt2-large
cosine,-14.396579284758582,0.03633641454161104,0.03774990806235902,-7.054310175680345,0.005676114174627488

gpt2-medium
cosine,-14.396745128878845,0.03633502698871897,0.03776689431359691,-7.053667823729977,0.010736783089176302

Transformer
12,12,-12.187065648759145,0.060435683079721865,0.0618756152328945,-6.998435181956138,0.10777911370800386

RNN
-10.502444123620656,0.08907495008105266,0.09075681176637448,-6.910739764859599,0.006255868173414661

gpt2
cosine,-14.341126662246694,0.03680334846967638,0.038273729194676684,-7.0516069458376975,0.005599463370538527

LSTM
-11.098454600943361,0.07765233865498464,0.07907851870742535,-6.9509140737595105,0.01668392612088111

Transformer
2,2,-12.313300821207996,0.058704300548972146,0.06021991178633705,-7.001861962964457,0.03031562220665716

gpt2-large
cosine,-12.5536616447001,0.055543575810614754,0.0569737414378793,-7.001124074382166,0.008335101219915575

gpt2
cosine,-12.551733953141802,0.055568235264700144,0.05700312256813049,-7.001004399022749,0.008806791613178868

gpt2
cosine,-12.551733953141802,0.055568235264700144,0.05700312256813049,-7.001004399022749,0.008775191922341623

gpt2
cosine,-12.551733953141802,0.055568235264700144,0.05700312256813049,-7.001004399022749,0.009034329075967112

gpt2
cosine,-12.702550485395491,0.053671650577844565,0.05511661307105133,-7.006136549672773,0.007879374873253606

gpt2
cosine,-13.08204882683418,0.049180746594717224,0.05076548202383903,-7.018082660244358,0.010165219153127365

gpt2
cosine,-12.861407057462364,0.051743916125285304,0.05318109767451401,-7.011115114150509,0.006779323854754047

gpt2
cosine,-12.702550485395491,0.053671650577844565,0.05511661307105133,-7.006136549672773,0.008234231702743037

gpt2
cosine,-14.339245272317267,0.03681929535644075,0.03829068784271517,-7.051312352764991,0.01593454037943194

gpt2
cosine,-13.08204882683418,0.049180746594717224,0.050765482258171804,-7.018082660244358,0.14428711629682972

gpt2
cosine,-13.08204882683418,0.049180746594717224,0.05076548208993288,-7.018082658706173,0.09102938175201417

Transformer
2,6,-9.806103688251504,0.10456579198703846,0.10578476858115002,-6.876363865021736,0.02132213346419796

Transformer
2,8,-11.53651067420871,0.07020191070084866,0.07175325998856175,-6.9632311405674105,0.0259447536160869

Transformer
4,2,-11.845364005448374,0.06538281268735535,0.06691836822898158,-6.9738191727669,0.015260887915088287

Transformer
4,4,-12.015429412057975,0.06287196858950703,0.06450292021036148,-6.981295888654647,0.019404685881830034

Transformer
2,2,-12.18329223164239,0.06048821613061393,0.06203379552330701,-6.996047436806464,0.028409579492384384

Transformer
2,4,-12.427188584122488,0.057184870452466306,0.05865565485531284,-7.00326279209506,0.039505913180689654

Transformer
2,6,-12.401994715909748,0.057517569828167005,0.0589879848784016,-7.0011477670361915,0.05125931155297063

Transformer
2,8,-12.198976720493452,0.060270157717648785,0.06168828732784717,-7.0006478032758155,0.06422214969511955

Transformer
4,2,-12.159725897781428,0.06081733845463858,0.06231578006859749,-6.997137603452129,0.03437518688940233

Transformer
4,4,-12.141318964931166,0.06107565082139719,0.06264795745692907,-6.995432769098589,0.046764606045138456

Transformer
4,6,-12.343975213902187,0.05829113056549344,0.059671618903596554,-7.0028860215217845,0.05792253709608508

Transformer
4,8,-12.296360585828337,0.05893373167367898,0.06038887068148583,-7.00186758810474,0.08135481265283401

Transformer
6,2,-12.189312662197484,0.06040442210986057,0.06191879274143326,-6.993422625141759,0.047826534701931864

Transformer
6,4,-12.324497874788554,0.05855314307329756,0.05996979611415056,-7.006123625847602,0.059981648383602024

Transformer
6,6,-12.361438493719287,0.058057208543791865,0.059413191700173965,-7.007082760718561,0.07587136607016286

Transformer
6,8,-12.210625171283475,0.060108720414634054,0.06153162197480279,-7.000792631026238,0.08625792149574527

Transformer
8,2,-12.100294460237498,0.06165531969196195,0.06315128309351783,-6.997243022918701,0.050401040046445786

Transformer
8,4,-12.295986779030574,0.05893880444769298,0.06027539913212099,-7.0055115469040405,0.06082901493195564

Transformer
8,6,-12.268008981707279,0.05931972128639295,0.06066484831634068,-7.007400218902096,0.07358857970083914

Transformer
8,8,-12.064726735741708,0.062162335994699704,0.06369450223301687,-6.994429412964851,0.08295140189509238

Transformer
6,6,-12.346339674252956,0.05825940334802057,0.059667109397630536,-7.002056743252662,0.2158043184588032

Transformer
6,8,-11.986730778795216,0.0632888088741841,0.06496895312541914,-6.984327293211413,0.25526333239770704

Transformer
8,6,-12.258404693054672,0.05945105018364222,0.06090614899031578,-6.997288167092108,0.1744300757685015

